family 175672 424
tree 46680 246
history 45741 396
genealogy 45398 205
surname 44965 137
crest 44642 160
casino 26882 185
college 23502 245
toilet 12102 198
obama 10729 81
university 9846 247
families 8349 229
3 7743 549
5 7718 495
2 7514 573
6 7207 454
2008 7079 441
4 6849 531
toilets 6515 120
community 5673 328
hotel 5238 199
state 5119 500
barack 5089 67
mitchell 5030 188
http 5018 382
from 4877 633
you 4839 620
your 4799 701
new 4628 673
7 4384 453
getting 4323 282
vegas 4282 127
2009 3642 541
resort 3635 200
retrieved 3610 111
1 3573 508
lick 3556 171
online 3467 399
0 3382 204
home 3305 679
i 3217 373
more 3153 562
8 3101 442
he 3050 199
10 2938 500
all 2882 710
11 2874 414
free 2762 484
his 2747 200
01 2681 136
organization 2564 170
have 2521 446
news 2512 399
9 2404 420
school 2335 316
my 2309 332
c 2302 281
about 2278 670
president 2156 133
12 2064 441
has 1985 413
2007 1967 279
city 1958 336
s 1925 390
french 1921 263
can 1904 435
water 1878 229
born 1838 105
one 1786 469
casinos 1772 121
also 1769 325
31 1733 201
us 1707 583
how 1679 351
time 1668 410
her 1663 167
las 1655 128
colleges 1653 123
what 1642 399
united 1639 239
page 1594 495
michelle 1590 70
states 1576 246
brother 1568 65
american 1560 309
indiana 1552 200
b 1514 203
get 1511 360
article 1509 195
robinson 1490 78
county 1489 294
when 1458 404
half 1452 127
out 1397 372
chicago 1388 186
our 1385 382
some 1380 323
times 1375 223
seat 1374 119
use 1364 378
other 1351 419
up 1319 421
we 1318 350
south 1297 284
09 1280 144
york 1269 282
public 1262 244
technical 1257 119
21 1253 292
13 1244 356
do 1240 328
e 1233 321
name 1231 419
see 1229 329
institute 1221 133
great 1219 423
information 1192 428
search 1191 490
people 1187 296
business 1186 343
she 1149 145
st 1142 164
site 1126 472
most 1124 358
house 1117 244
kenya 1114 59
who 1111 335
north 1108 284
help 1106 479
center 1098 259
mmabatho 1094 6
ca 1091 226
law 1071 172
washington 1063 224
carolina 1050 172
poker 1049 85
07 1041 151
15 1040 387
game 1030 148
20 1024 368
dunham 1017 53
08 1009 145
14 994 335
23 987 276
may 986 325
life 983 288
now 982 323
u.s 975 194
17 971 348
univ 967 17
find 966 409
sr 962 57
george 959 133
after 956 280
22 936 277
18 934 354
best 930 344
16 925 356
24 915 287
been 908 279
many 906 290
had 905 208
2006 898 174
west 897 278
programs 890 131
last 885 431
html 883 282
high 882 241
any 881 388
were 880 215
grand 873 164
03 871 135
me 869 361
30 868 269
year 864 274
white 863 214
wikipedia 861 128
gambling 858 108
2004 856 134
games 852 145
lake 848 197
technology 847 207
contact 844 521
january 843 246
post 840 229
t 836 249
bathroom 831 147
its 828 367
sun 823 172
28 822 229
de 820 274
national 818 276
san 817 212
sarah 815 79
california 812 162
here 810 368
26 805 229
over 804 354
valley 803 178
springs 790 138
articles 789 226
25 787 278
while 785 224
work 780 291
father 778 74
room 776 233
top 775 358
club 770 156
day 768 312
living 767 194
back 760 252
said 759 159
them 757 258
florida 756 138
price 755 144
onyango 754 52
wife 753 83
health 747 245
related 744 328
august 736 170
system 731 204
known 730 148
play 727 146
06 725 127
mother 724 98
where 715 266
spa 710 127
western 708 186
edit 705 74
golf 702 129
beauty 701 72
services 696 268
science 695 199
view 692 315
only 690 305
inn 689 77
linkpendium 688 127
education 684 263
include 683 203
products 681 216
right 674 318
blog 672 216
hussein 666 53
need 662 289
19 659 305
grandmother 658 57
black 655 223
web 653 233
good 651 260
through 647 259
27 646 222
july 642 163
during 640 177
la 638 262
pa 637 207
november 636 174
management 635 184
company 634 228
guide 631 195
well 630 281
david 629 116
portable 628 55
read 627 221
seats 622 87
beach 619 124
would 617 215
americans 616 93
academy 615 129
married 614 74
ann 612 91
design 610 220
slot 609 73
list 608 311
girls 607 117
grandfather 606 52
politics 603 94
office 602 210
privacy 601 381
art 598 293
co 594 251
internet 591 259
organizing 589 78
child 587 145
usa 586 308
slots 585 55
daily 584 171
indian 580 108
rock 578 123
area 577 229
29 575 231
2005 573 170
john 571 220
african 567 90
east 566 230
inc 563 264
old 562 232
go 560 254
hotels 559 103
saint 558 97
nc 555 195
ny 554 206
05 553 125
island 552 172
obamas 551 50
policy 548 384
georgia 545 163
il 543 193
scott 542 126
know 541 232
program 540 182
gifts 537 197
down 536 234
installation 533 53
misty 532 4
dog 531 106
tech 529 121
ng 519 66
each 516 253
even 515 227
genealogical 513 55
children 512 173
bowl 509 107
found 508 188
medical 507 146
mistress 505 6
charles 503 123
off 502 243
cleaning 501 101
general 500 231
relations 499 87
michigan 497 135
america 495 177
being 494 206
add 492 263
research 490 193
hawaii 488 117
those 487 218
oct 485 27
f 484 190
associated 482 109
extended 481 70
available 480 289
japan 479 45
close 476 323
ancestry 473 60
small 472 217
senate 470 73
email 469 215
id 468 263
made 466 239
villa 465 29
dreams 464 60
every 463 286
virginia 462 121
type 461 308
start 460 229
shipping 459 75
campus 457 95
malia 456 52
japanese 455 49
composting 454 31
tools 453 239
professional 452 169
nj 451 185
campaign 450 84
clean 449 108
info 448 179
needed 446 131
june 443 167
word 441 84
events 440 263
v 438 149
died 437 75
download 436 102
barack's 435 50
am 434 106
payne 433 76
jet 432 76
group 431 220
because 426 192
bay 423 135
before 422 210
n 420 198
daughter 419 74
book 418 165
click 417 245
features 415 196
degree 414 141
big 411 178
biology 410 19
easy 409 231
hand 408 255
mount 406 112
could 405 182
ndesandjo 404 50
machine 403 76
paternal 401 51
accessories 400 114
care 399 147
under 398 236
according 397 107
tx 396 182
colorado 395 149
very 394 153
copyright 393 350
kohler 391 50
arts 390 150
00 389 92
christian 388 87
dakota 387 103
open 386 213
mountain 385 105
rights 384 298
per 383 182
address 382 188
march 381 166
current 380 215
sep 379 19
maine 378 84
james 377 166
friends 376 178
details 375 191
should 374 185
box 373 133
floor 372 129
dc 371 222
waste 370 72
posted 369 81
h 367 164
100 366 192
including 365 239
between 363 190
camp 361 99
04 360 106
categories 359 223
ky 356 166
magazine 355 172
nairobi 354 53
uncle 353 55
equipment 352 108
raised 351 91
report 350 153
entertainment 349 147
50 348 211
card 346 116
job 344 140
next 343 205
century 341 143
account 340 209
however 339 149
currently 338 136
systems 337 116
access 336 181
organize 335 86
set 334 186
source 333 143
reviews 332 112
maternal 331 51
2002 330 125
favorite 329 178
located 328 128
connecticut 327 103
ma 326 191
number 325 141
come 324 188
books 323 188
g 322 144
200 321 263
legal 320 126
maya 319 67
kansas 318 105
blue 317 150
accept 316 172
fun 315 135
basketball 314 85
items 312 137
mail 311 182
canada 310 135
02 309 109
few 308 187
boston 307 127
bill 306 122
piece 305 79
caesars 304 43
auma 303 52
cover 302 132
40 300 192
buy 299 125
featured 298 192
brush 297 35
below 296 156
conference 295 73
better 294 176
girl 293 43
become 292 172
al 291 205
give 290 157
star 289 108
bible 288 61
air 287 161
did 286 178
recent 285 203
call 284 183
another 283 177
major 282 147
marian 281 69
connection 279 268
football 278 34
file 277 179
lee 276 124
london 275 126
aunt 274 57
along 273 137
fucked 272 10
case 271 128
elizabeth 270 114
cosmetology 269 24
advanced 268 104
mar 267 42
chemical 266 53
democratic 265 68
hollywood 264 99
citation 263 69
encoding 262 131
2000 261 157
contents 260 137
don't 259 117
learn 258 135
arkansas 257 72
1996 256 99
cherokee 255 83
53 254 113
armour 253 52
1936 252 52
1987 251 80
attention 250 103
ar 249 167
save 248 107
atlanta 246 117
32 245 165
away 244 114
convention 243 102
coast 242 99
hair 241 67
clinton 240 96
again 239 136
72 238 91
39 237 130
cat 236 39
asian 235 113
includes 234 101
body 233 97
1982 232 64
areas 231 104
1960 230 76
mt 229 188
flushing 228 42
irish 226 85
example 225 123
38 224 140
age 223 118
records 222 115
1970 221 67
angeles 220 73
bernard 219 71
degrees 218 103
43 217 133
hills 216 96
1995 215 92
fact 214 126
1922 213 63
42 212 131
1.1 211 209
1998 210 107
advertisement 209 143
60 208 125
49 207 131
1950s 206 55
complete 205 136
chart 204 44
33 203 147
34 202 141
800 201 95
chris 200 37
pads 199 169
48 198 154
frames 197 155
blackjack 196 52
always 195 114
clutter 194 53
foul 193 7
baden 192 56
academic 191 74
car 190 97
animal 189 91
36 188 141
blood 187 105
71 186 79
ap 185 72
attended 184 75
category 183 100
division 182 95
73 181 78
brass 180 31
application 179 78
44 178 134
000 177 11
bus 176 48
80 175 104
additional 174 136
european 173 100
comfort 172 63
bond 171 77
christmas 170 72
1964 169 62
cards 168 80
61 167 92
2003 166 97
force 165 111
action 164 92
dollar 163 80
adult 162 110
higher 161 85
75 160 103
aid 159 74
57 158 114
charts 157 73
1952 156 56
77 155 90
actor 154 54
abongo 153 51
52 152 125
akumu 151 51
888 150 82
goals 149 69
1997 148 101
bush 147 89
58 146 110
47 145 116
chairs 144 39
avenue 143 48
65 142 109
able 141 67
62 140 87
78 139 79
circus 138 31
automatic 137 42
59 136 110
educational 135 68
1991 134 71
1979 133 67
74 132 87
advertising 131 88
amp 130 18
accounting 129 71
1958 128 68
1962 127 63
64 126 100
austin 125 64
1992 124 66
1968 123 63
501 122 121
alternative 121 61
500 120 77
came 119 62
1974 118 66
1961 117 62
abandoned 116 58
1944 115 65
1940 114 59
comment 113 67
101 112 64
702 111 7
92 110 69
against 109 74
1935 108 55
79 107 75
1912 106 56
1942 105 52
activemq 104 1
antonio 103 88
1895 102 52
300 101 55
44th 100 50
69 99 87
63 98 83
1999 97 71
almost 96 69
ad 95 51
cape 94 53
bag 93 56
2b 92 6
awards 91 61
17th 90 77
admissions 89 43
88 88 75
arm 87 74
89 86 80
83 85 75
abroad 84 72
82 83 75
acceptable 82 67
basin 81 44
ambassador 80 68
400 79 47
2nd 78 51
150 77 63
1,000 76 67
2.0 75 27
accessible 74 43
1b 73 6
19th 72 36
1985 71 69
allowing 70 69
129 69 63
65536 68 68
ab 67 14
1954 66 60
5.1 65 65
1st 64 49
1000 63 39
active 62 43
achieve 61 35
262 60 57
1988 59 19
376 58 55
110 57 37
777 56 26
1.6 55 30
1915 54 54
1870 53 53
africans 52 52
1925 51 51
0,1518,567286,00 50 50
advantage 49 42
adding 48 40
18th 47 29
600 46 39
102 45 25
1.0 44 4
1994 43 21
9300 42 36
3rd 41 28
1990 40 27
4th 39 22
1.4 38 28
1977 37 19
245 36 25
acrobat 35 12
001 34 6
a.m 33 11
0.0 32 6
010 31 4
109 30 20
1.3 29 29
125 28 14
007 27 20
105 26 18
1.2 25 22
122 24 20
104 23 20
111k 22 5
132 21 17
107 20 14
113 19 11
10th 18 17
002 17 4
0.00checkout 16 16
12th 15 12
020 14 3
1.2.1 13 13
0471144134 12 12
1,941 11 6
0.26 10 5
137 9 9
100,000 8 8
0.00 7 7
006 6 6
0,8599,1873532,00 5 5
0000 4 3
0.4 3 1
0.156 2 1
0,9171,873711,00 1 1
