821 44
820 46
823 30
822 45
817 52
816 55
819 36
818 48
829 40
828 32
831 25
830 30
825 34
824 44
827 38
826 34
804 68
805 62
806 80
807 61
800 67
801 59
802 56
803 55
812 53
813 51
814 48
815 52
808 70
809 60
810 64
811 54
791 76
790 61
789 60
788 51
787 59
786 53
785 65
784 44
799 72
798 61
797 60
796 46
795 66
794 70
793 56
792 56
774 47
775 50
772 29
773 39
770 40
771 35
768 35
769 25
782 36
783 44
780 55
781 67
778 39
779 43
776 44
777 35
880 2
885 1
890 1
893 1
864 3
865 2
867 3
868 1
869 3
870 1
872 2
873 2
874 1
875 1
879 1
851 8
850 3
849 7
848 10
855 8
854 10
853 10
852 7
859 2
858 8
857 5
856 2
863 3
862 2
860 3
834 31
835 20
832 25
833 28
838 18
839 23
836 21
837 18
842 14
843 16
840 20
841 23
846 11
847 5
844 16
845 8
747 9
746 9
745 10
751 8
750 8
749 7
748 8
739 1
738 5
737 2
736 3
743 3
742 7
741 5
762 21
763 16
760 18
761 14
766 22
767 22
764 18
765 19
754 17
755 14
752 7
753 11
758 24
759 14
756 23
757 14
710 1
728 2
729 1
730 2
731 3
732 2
733 1
734 2
735 3
720 1
726 1
