1 97
2 94
3 99
4 92
5 99
6 98
7 111
8 99
9 96
10 81
11 82
12 79
13 87
14 107
15 82
17 73
16 76
19 62
18 72
21 63
20 52
23 59
22 53
25 58
24 56
27 38
26 49
29 41
28 37
31 44
30 38
34 37
35 42
32 33
33 44
38 29
39 26
36 44
37 44
42 29
43 21
40 30
41 21
46 24
47 23
44 20
45 23
51 19
50 21
49 24
48 34
55 19
54 22
53 26
52 14
59 17
58 10
57 15
56 22
63 11
62 24
61 17
60 18
68 15
69 17
70 15
71 17
64 23
65 20
66 13
67 15
76 9
77 11
78 17
79 8
72 10
73 11
74 8
75 15
85 11
84 9
87 9
86 5
81 13
80 3
83 13
82 15
93 6
92 11
95 10
94 10
89 9
88 8
91 10
90 8
102 6
103 6
100 4
101 9
98 10
99 11
96 9
97 5
110 1
111 7
108 9
109 4
106 10
107 5
104 7
105 9
119 5
118 4
116 9
115 6
114 10
113 4
112 8
127 5
126 4
125 6
124 5
123 9
122 12
121 11
120 6
137 2
136 5
139 3
138 5
141 7
140 7
143 1
129 6
128 4
131 5
130 6
133 4
132 1
135 4
134 7
152 2
153 5
154 4
155 6
156 1
157 5
158 2
159 6
144 3
145 5
146 6
147 3
148 1
149 2
150 5
151 4
171 3
170 3
169 1
168 4
175 4
174 2
173 2
172 6
163 4
162 1
161 2
160 4
167 5
166 2
165 4
164 5
186 4
187 4
184 4
185 4
190 4
191 2
188 3
189 6
178 3
179 2
176 4
177 5
182 3
183 3
180 2
181 5
204 4
206 3
201 2
200 4
203 1
202 2
197 5
196 3
199 1
198 2
193 1
192 3
195 2
194 4
220 1
221 1
222 1
223 1
216 1
219 1
208 1
209 1
210 1
234 1
233 2
231 1
225 1
253 1
244 1
290 1
293 1
