1 29
2 54
1103 1
3 69
4 79
5 98
6 75
7 104
8 90
9 104
10 112
11 94
12 91
13 118
14 115
15 105
17 126
16 104
19 114
18 97
21 109
20 93
23 106
22 97
25 85
24 103
27 95
26 117
29 99
28 101
31 105
30 98
34 86
35 86
32 68
33 81
38 96
39 82
36 76
37 98
42 91
43 93
40 77
41 72
46 83
47 77
44 96
45 64
51 74
50 70
49 79
48 64
55 77
54 67
53 63
52 64
59 73
58 66
57 55
56 48
63 66
62 60
61 60
1136 1
60 81
68 53
69 54
70 45
71 53
64 52
65 61
1038 1
66 46
67 49
76 44
77 44
78 47
79 41
72 68
73 44
74 57
75 51
85 38
84 49
87 40
86 43
81 53
80 41
83 43
82 42
93 35
92 39
95 32
94 37
89 44
88 42
91 48
90 40
102 33
103 35
100 32
101 33
98 37
99 39
96 35
97 39
110 32
111 22
108 34
109 34
106 39
1062 1
107 30
104 35
105 32
119 32
118 33
117 22
116 32
115 27
114 23
113 29
112 35
127 18
126 22
125 22
124 22
123 21
122 26
121 25
120 34
137 18
136 16
139 20
138 15
141 22
140 19
143 25
142 22
129 28
128 29
131 28
130 23
133 16
132 30
135 18
134 22
152 23
153 22
154 22
155 19
156 20
157 16
158 17
159 16
144 18
145 22
146 23
147 12
148 20
149 22
150 8
151 28
171 7
170 12
169 15
168 13
175 11
174 15
173 11
172 15
163 11
162 13
161 18
160 21
167 15
166 16
1258 1
165 14
164 15
186 17
187 8
184 10
185 13
190 7
191 10
188 14
189 9
178 11
179 19
176 16
177 14
182 8
183 19
180 16
181 14
205 8
204 4
207 9
206 7
201 8
200 16
203 10
202 9
197 14
196 10
199 10
198 6
193 13
192 13
195 7
194 8
220 5
221 4
222 3
223 12
216 10
217 7
218 12
219 8
212 15
213 3
214 4
215 7
1180 1
208 7
209 11
210 6
211 8
239 5
238 11
237 4
236 12
235 11
234 10
233 10
232 6
231 7
230 7
229 10
228 9
227 8
226 8
225 6
224 14
254 2
255 6
252 8
253 3
250 6
251 3
248 3
249 7
246 2
247 13
244 5
245 14
242 1
243 7
240 3
241 3
275 5
274 4
273 3
272 7
279 3
278 4
277 2
276 6
283 2
282 2
281 6
280 4
287 5
286 5
285 3
284 1
258 6
259 1
256 5
257 10
262 3
263 3
260 1
261 5
266 4
267 2
264 6
265 4
270 11
271 5
268 4
269 4
305 5
304 5
307 4
306 4
309 2
308 4
311 4
310 2
313 4
312 2
315 2
314 8
317 3
316 1
319 6
318 3
288 4
290 2
291 3
292 1
293 3
294 1
295 7
296 4
297 5
298 2
299 2
300 3
301 4
302 3
303 1
1307 1
343 1
342 2
341 1
340 1
339 3
338 5
337 1
336 5
351 2
350 2
349 1
348 4
347 2
346 3
345 1
344 2
326 2
327 2
324 3
325 3
322 4
323 2
320 3
334 1
335 6
332 2
333 4
331 2
328 2
1284 1
329 2
373 2
375 1
374 2
369 1
368 1
371 4
370 2
381 1
382 1
377 2
376 2
379 2
378 1
356 2
357 2
358 2
359 2
353 2
354 2
355 1
364 3
365 1
366 1
367 2
360 1
361 6
362 2
363 1
410 2
411 2
408 2
414 1
415 4
412 2
413 2
402 2
403 2
401 3
404 4
405 3
394 1
393 1
392 2
399 1
396 2
387 2
386 2
385 3
384 1
391 2
388 3
444 1
445 1
446 2
447 1
432 3
433 1
434 2
435 1
436 3
425 2
427 1
426 1
429 1
431 1
430 1
417 2
416 2
419 2
418 1
420 2
423 1
422 2
477 2
475 2
472 1
470 2
469 1
467 2
463 1
462 1
461 1
460 2
459 1
458 3
456 2
455 1
454 2
452 2
448 1
508 1
509 1
510 1
511 1
504 1
506 1
501 1
502 2
498 5
494 1
489 1
488 2
491 3
490 1
485 1
487 2
481 3
480 1
483 2
482 1
550 3
549 2
547 1
558 1
556 1
557 1
555 1
552 1
560 1
575 2
572 1
570 1
517 1
518 2
512 1
514 1
527 2
533 1
535 3
529 1
528 1
531 1
1621 1
539 2
610 1
613 1
618 1
617 2
620 2
631 1
630 1
629 1
633 1
632 1
639 1
636 1
579 1
580 1
581 1
583 2
588 1
1564 1
597 1
600 1
1556 1
603 1
605 1
604 2
607 2
685 1
703 1
698 1
699 1
696 1
688 1
665 1
667 2
661 1
750 1
760 1
764 1
753 2
757 1
716 1
719 1
709 1
711 1
724 1
821 1
820 1
826 1
1899 1
801 1
814 1
815 1
796 1
773 1
888 1
891 1
867 1
868 1
872 1
854 2
863 1
834 1
832 1
842 1
941 1
940 1
937 1
924 1
920 1
1003 1
965 1
